3141
5049
7815
9374
1263
2794
8002
7281
6890
638
702
6224
18
6896
6562
6984
118
8802
4199
3079
8861
3439
7757
8125
1144
3503
368
8393
8455
475
5277
4619
3177
246
7585
9736
4111
963
6289
5922
3165
6285
3681
111
6007
846
6469
8078
6916
481
9124
7192
7827
6666
393
6135
6046
4005
1637
6850
763
6525
4843
5180
2356
9578
7725
1874
6161
305
4
2744
4210
8201
936
369
1401
194
3093
3451
1825
9479
7722
3610
992
2042
384
7124
4662
4035
8109
7611
8047
4447
2791
273
6553
5780
5895
4784
3185
4873
1464
1414
2514
4941
9196
6796
1209
3492
1806
9809
8335
21
625
6541
4152
798
7480
366
7847
4777
6598
7658
6387
4874
9290
9570
8357
9571
345
2703
5589
9219
2778
5927
3983
4586
8849
1945
6359
7057
9069
8184
8572
4410
7248
291
1175
6213
1262
9056
3453
3042
5119
3349
5716
7112
9921
2034
514
9348
2275
2894
1968
2058
4673
7286
8738
9912
4779
3990
3731
965
9727
6063
5372
6068
3261
8892
158
2573
6622
900
1310
7370
6169
6503
6781
515
4291
5426
5841
8639
4875
4293
3645
5388
9221
3458
7087
5970
7273
5392
9861
9008
2829
5173
9962
5063
1445
5260
5603
8552
459
5189
5327
324
2304
8136
8209
8736
9888
4598
4089
651
9449
532
126
6556
7433
3339
5427
8089
7900
7088
810
6517
7737
7417
645
2585
9972
1356
6060
7697
1051
6049
5554
8025
5137
5110
4903
6157
3222
2324
9981
1473
7724
7246
8220
8051
8610
4505
1095
9410
4580
7415
9143
903
2222
9448
4383
504
6729
1981
1009
6113
7510
2828
8246
267
1949
4579
2446
6936
976
7677
9668
5860
5876
6029
9868
2445
7926
8573
1055
8638
5196
9403
3715
2075
2450
5539
5995
4889
2469
3306
9587
9663
1155
1961
9611
399
5255
4288
7897
7082
5028
8015
2465
4508
6233
3798
4314
2790
6335
1868
6712
1717
8351
9159
5371
7387
1673
2488
3907
3044
5251
9180
4805
3212
3824
4289
6159
7818
8187
1275
5473
8287
8977
4759
6753
2217
7149
1173
6689
4104
8658
7700
2160
3401
215
6266
6308
6723
4101
1158
7943
2596
8076
2912
8942
7706
2438
3010
9062
22
9230
5477
4265
4217
4766
24
5508
9992
3701
1891
3873
3544
1301
9677
3169
6083
8159
1621
7957
4503
1203
1909
8040
6378
8730
9749
343
582
341
3484
4904
3862
443
2069
9591
6463
5567
2977
7235
9712
5538
9779
1652
6858
8510
6434
430
9188
9851
7065
5546
7198
928
7316
4762
9510
7270
9583
3786
8714
1639
536
7699
9580
2574
1170
2422
5236
1070
8402
5522
2440
1364
2947
6050
2050
3933
9160
7791
1082
5462
3703
4970
4330
1415
2293
2566
5675
3853
7801
7846
2623
7399
3576
8783
417
1390
5986
5035
7031
4043
7214
8967
7164
6363
4123
119
2966
1238
7436
5311
4951
5436
3491
7105
9228
6346
1546
7454
6879
7786
2655
5322
1212
5736
943
5478
596
3197
5875
2607
1814
3577
7338
9005
1351
6704
1127
4674
4427
9458
8629
2663
8491
7358
8466
3229
8787
7607
7470
9103
8830
9118
1651
4253
5457
496
2313
714
3363
1857
3737
3700
2170
2046
1766
7410
5598
6460
6360
2174
939
9237
7515
216
3148
1784
4449
7748
7649
132
8141
7416
5056
7636
7156
3588
3592
5483
640
7363
5492
1705
2339
3143
6215
6226
2443
7186
98
2109
1341
4137
105
2846
3743
4839
7525
1776
7499
3698
8354
4121
1063
5073
4471
3585
712
3164
120
2636
7006
3962
1057
2792
7561
7166
8482
4514
7556
3184
9320
4823
8801
1786
1903
5830
5445
1452
1365
1710
201
2251
5231
5432
2343
1331
8240
2164
2089
9562
4067
1578
8520
4622
8486
5908
9155
2056
9650
3318
8546
7333
5662
2214
19
4638
6334
2706
6513
3119
8377
2637
9768
9463
8067
5435
4110
2455
2671
2458
9982
3717
3657
8148
2261
4841
3985
6116
2513
4741
9440
5516
4153
3887
6866
2482
3730
9627
6862
2958
8004
6107
6127
634
1236
7932
4128
3628
4362
9094
9322
4258
7820
1691
604
2659
7290
2721
2485
2975
7335
4537
5805
2878
4334
1510
6250
8112
3740
2711
3016
5054
969
4993
3160
6527
448
5113
7761
8789
5334
948
438
1001
5794
4907
1620
8888
9617
4224
583
8808
6141
2549
5652
848
4239
5869
9797
9549
9071
3493
5916
5898
9969
52
4201
1568
530
1420
2590
7447
4102
9728
3858
68
7694
3975
789
5890
7215
3448
7559
6627
2920
3056
8214
6958
3144
3469
8408
371
2424
9202
3452
8562
7693
9323
5828
7829
4883
2906
1162
1511
6109
6703
9345
9185
155
8251
3457
4806
8763
3331
4521
5096
9248
6106
3224
7868
4715
3012
3296
670
7907
9528
9391
3517
8454
9561
9939
5729
2211
1468
8429
8540
3713
3159
3906
37
721
8323
1073
6091
1547
1669
907
86
2262
4363
8543
6849
9954
4718
942
32
9621
5846
9176
8948
8409
7139
5671
1760
6198
5325
6118
9949
954
3969
5801
4506
818
3852
8555
9984
7632
9178
7615
5962
3174
6573
4019
1758
7165
7411
9770
9686
5713
7078
8668
301
4388
6567
3709
6010
5296
2932
4965
9106
5988
4548
6762
3268
8862
500
6103
2037
5982
9045
4846
9114
7755
6251
6256
5760
1603
44
2071
6828
6868
5134
1343
759
1962
5601
8328
2342
1451
9222
3168
4054
2979
7819
7617
1157
5041
4717
6932
3882
8949
9643
7604
5524
7472
47
8580
4032
4864
4788
5275
5961
6179
1726
8033
7710
2159
4538
7797
26
9933
7312
9096
5907
2928
2191
550
4124
8661
3399
6697
1944
3573
6439
2850
3419
2733
7003
2592
3359
9589
3607
6599
7083
7282
2848
6369
8035
3309
3929
8997
7869
6965
357
7304
1839
5963
7718
5266
1491
1512
7734
2897
5751
3203
2698
7942
8063
8994
1210
6191
4179
5234
1305
139
7009
3755
8575
4369
1943
2415
4863
9246
2397
9084
2073
1123
1385
3694
9635
7326
3710
6898
9120
498
611
3956
5420
8902
2078
9680
4727
5186
1032
7059
4555
5837
2079
180
4702
4785
1856
3037
7015
8592
4667
1991
1878
3738
4690
5256
1014
2420
4650
1431
4794
9994
7893
3869
7913
5053
4037
5210
4451
6642
1240
3162
9610
8011
3086
7987
4390
9531
8677
8012
8186
4648
1061
3054
386
1680
6902
131
3058
8632
230
3332
5737
7541
2532
8235
2875
7851
2582
5527
7303
2970
5097
4688
9835
2419
6412
6436
7099
1721
7187
4966
6707
1815
3116
451
198
5724
7420
53
1232
7594
7129
3746
4184
5249
3343
2381
1150
8973
9451
9
2287
7688
7466
4232
6356
4492
9907
8162
799
8290
8961
6214
4882
2230
2687
7687
7191
5287
3361
9506
1361
1596
3936
889
2772
6314
6743
234
9418
7237
4294
4550
5464
813
6421
8920
2358
5646
3040
3964
7704
8526
1838
5660
3356
1363
6431
3781
3774
7224
6634
9063
4146
6458
5072
7393
989
1460
4681
2362
4309
90
4356
5230
8150
7292
62
1967
6322
9792
5174
2925
4795
6185
3005
9122
4370
6012
1540
9722
9352
6129
637
8469
9488
4188
9338
8086
4734
493
5038
2055
9647
6824
2305
374
3831
1269
539
8939
4321
2873
6481
7584
7528
3671
2518
3903
1011
5484
284
271
9368
6981
395
8253
375
5818
4725
823
7728
4365
7100
2567
9125
2149
6674
7459
4320
3723
8390
4366
2404
3412
6638
2847
157
5889
8500
391
372
3734
858
5264
5037
2250
8176
1147
237
4566
4418
9694
809
5356
3809
1378
1233
3848
3708
3301
4804
4087
8791
5833
4594
1327
8694
843
4002
541
7361
8608
7
9010
909
6980
3814
8230
2664
678
831
3235
8436
5365
2516
3002
4190
6197
1410
4852
3298
4948
6695
1369
3889
6785
7325
2789
128
1976
4464
879
9919
3372
9152
1556
243
6675
4403
3732
2613
8938
3154
3017
456
7280
9018
647
7362
9017
2036
5025
2270
2392
4544
3878
5215
64
36
6552
8756
9206
2130
9381
463
8462
9346
3475
7429
4786
474
9175
2909
2406
1657
9474
2827
2929
7780
1664
7097
9574
9520
7364
6345
5634
3629
7854
1685
1978
3137
1869
3059
8882
609
1706
9411
5402
7042
4653
1502
9525
4911
3844
1306
7666
1438
6696
920
1852
7889
9209
7125
1864
786
2965
5843
478
6104
3100
4835
8322
4436
6137
6716
6611
7939
8348
3196
1957
711
8071
5142
3505
7070
257
3744
655
7271
9363
9943
5098
9316
2809
9625
6943
3210
6997
6548
4739
6000
2412
4169
4076
5891
4629
3490
967
9846
9262
9026
8518
6523
7091
1619
167
8093
7711
6241
6607
2468
2179
7923
6270
9754
5816
3656
7328
7575
9335
299
6092
5157
8153
2546
4405
2782
8069
5644
1601
8008
3409
4742
9462
1208
9929
503
1722
3905
5815
4601
1038
3468
6654
9828
6299
1068
7119
5790
4286
288
9876
9201
862
6680
8233
2577
6805
5040
4654
1924
2414
2837
3418
3000
6377
538
4109
5300
9438
2064
7934
2204
2963
6745
6534
615
8494
400
235
7213
4719
4149
805
7181
5071
5575
5686
6761
107
2976
1400
8925
5954
940
5666
4716
549
7641
3938
3982
8792
4677
7163
2273
5289
1937
511
8698
7591
9033
4643
2889
9336
6382
5165
2203
8921
6302
2409
4115
4944
3565
3330
6144
4988
9358
9361
1397
9889
1124
8627
3596
6353
5783
5012
8279
8584
4867
4443
3084
8581
3881
80
1081
4053
4298
7245
1267
9608
1136
6823
8043
1655
6336
8836
9167
7741
347
2350
9800
2099
7540
1253
9417
5641
1466
4571
7587
2065
2239
2334
6271
5695
7608
6097
724
3594
8411
4014
5777
652
168
5509
5719
4791
3472
9452
3555
7590
1564
6986
8228
4602
6043
7184
5564
2960
3101
5469
285
7941
7080
7397
1933
9559
3335
742
5560
5899
1496
3690
5082
4973
2776
7689
63
5460
7467
9046
7840
9267
1154
2688
3285
5503
502
5764
8257
3435
7367
8252
7744
1196
245
4162
2641
3264
2879
973
1320
1128
6139
955
2732
5379
6297
5610
1072
635
6640
5020
8394
1656
1234
8103
4802
3208
8185
1615
8065
962
9882
6260
9544
8666
9965
2255
718
4322
5272
6914
1008
6348
2863
7736
3511
84
7183
455
512
9490
8342
2242
4924
7369
5623
998
5404
1407
5005
7039
1919
6606
6544
9416
7060
666
6993
3995
7904
7768
6229
3530
1395
6797
4434
5802
2987
9706
5590
7308
8716
8053
5013
2910
4981
2967
8647
9195
3516
6418
2575
1861
6024
5238
5183
5682
5321
4095
868
5216
6153
6491
5057
4713
7049
6230
1160
3726
5223
5658
3147
4255
7574
5921
6935
1550
9883
2497
6897
5877
8814
7637
2031
6451
9257
7935
7917
671
1764
6820
2115
6123
1994
4918
1946
7147
589
9936
5412
3360
8827
682
3867
8502
4592
9225
186
1618
4641
1247
2387
856
4668
5637
2076
1674
3338
3733
5831
4299
4551
7916
1519
6528
163
4189
413
8085
8324
3376
11
4225
8960
2969
3661
3227
9858
2182
9739
4084
2992
4244
6963
5140
849
7828
6399
6323
2156
1694
7101
4280
9593
9414
6096
657
3029
8170
3011
7639
4233
7972
5085
8135
3078
5904
6679
893
5150
2302
6325
469
6114
9566
3018
3937
5424
3736
30
9258
458
7598
8306
9365
1273
2218
2411
9431
7620
2710
9873
6616
7876
9540
5533
2606
8706
5481
8618
3311
2560
254
7905
7344
7992
687
9927
2254
6673
3045
7386
9413
7589
5262
1607
9371
9102
5882
4185
5280
3836
42
2495
7069
2871
766
2185
7351
1328
2591
2396
2820
8158
6952
1481
6059
9079
9911
3047
193
9153
6016
2986
875
9845
5688
6477
7638
4922
5912
2349
3080
4851
5743
8407
308
9581
1117
5495
7418
4815
5394
2508
9098
9324
1347
815
5008
3471
5918
631
1559
1380
8193
8330
4453
4099
4526
7414
3053
6815
6041
8057
4756
7743
5579
2280
1524
6550
1184
6646
8298
5520
6494
8309
4215
1885
3611
5145
3764
3886
8007
9874
4640
6578
3667
9959
8042
5849
8216
1277
3206
8705
3799
3751
5064
2399
5588
6568
8778
5835
947
4975
3845
9755
5823
987
3605
5838
5543
1923
2444
327
1103
3893
8392
1801
5003
3627
2564
8199
4917
6178
1901
5090
561
1308
9692
4282
9475
5535
102
5630
6338
3847
8123
7089
3652
7985
6830
348
2614
6968
4617
6020
7924
3966
9616
4015
2840
4997
8896
4836
6587
7134
2127
5991
4429
649
6700
8428
9607
6780
2993
6476
6190
8928
6719
6206
1970
2675
7028
7345
543
8068
6231
1686
2371
9260
3310
5592
76
8308
9494
3
3510
1188
9734
1927
8636
2616
4292
3901
6025
3644
2919
3797
2366
7309
9015
7790
3742
3837
3322
9794
2629
8028
8249
2175
828
1518
4033
4616
8149
3388
3548
2320
6485
8473
7424
5052
8650
6755
7890
2968
8206
7764
6808
8311
9698
9776
803
1586
8804
7824
7903
331
8331
4476
1114
3088
4816
4359
1284
9455
7346
4315
6617
3590
6493
575
3087
8167
8885
6628
9501
1265
735
7969
4872
5329
3557
7498
4472
4458
2453
1043
1417
6750
3073
5850
5076
626
4048
4906
5192
4990
5705
6667
6390
3173
9805
9401
9966
7968
159
4242
7760
2832
2667
485
4497
9673
9922
9947
3541
5949
3514
264
2872
27
1353
7813
4974
7106
4871
9386
4077
5602
5309
79
5978
1100
4646
3279
337
3200
9813
117
3860
4698
5106
2212
2769
9987
2
5643
9325
6511
6919
8772
1768
7653
1482
9318
1455
9793
3808
7007
3325
1716
6430
8332
790
588
9089
2563
9903
9553
7569
6496
3980
9717
7474
6735
7018
2190
7170
8656
85
7887
807
6117
4859
9000
3347
3025
4175
1688
3327
6535
5059
5731
6372
3542
2430
4680
3769
2221
4959
7277
5814
7475
54
8029
6447
9281
2628
4523
7911
9507
3857
9022
433
1440
4036
4206
3512
6088
2858
9357
6147
1463
2292
2147
8764
3407
3520
1229
9132
9747
6991
5517
9644
4039
2602
7244
4222
3031
122
1254
854
9606
646
3604
4595
1492
4204
3028
1323
9814
8480
3724
9468
518
7267
5239
1544
1115
7188
8355
1828
6848
7520
313
8709
4891
4896
306
4003
8432
1770
1088
8644
841
6149
6228
3494
1360
1570
2344
778
4145
8803
39
1509
8853
719
4009
1405
3536
2098
9958
9670
7560
4103
6384
2012
9129
9264
1020
9021
5759
9624
8146
9985
1844
914
8551
4171
2625
3776
9877
2402
7440
3523
8364
1235
4114
7236
7806
4230
1411
7606
5626
6490
6922
6413
8979
7141
7350
6182
1963
5101
6101
4025
100
1221
9212
5854
2512
7644
6941
1854
2168
5934
8957
6875
8539
3566
5883
748
5952
8654
7095
4818
5886
9672
5827
5350
2745
747
8307
5375
7220
6629
4572
3124
6882
6947
6389
2551
5548
5929
3397
7109
6938
9744
2816
5000
9505
8316
2144
6201
1526
3598
1959
2998
6920
3278
7167
4798
3415
9360
2326
9289
8932
4878
5493
1665
437
4577
7025
255
7043
2165
8064
35
6561
5717
8343
4183
302
7580
6347
8337
4860
6404
7980
3365
4016
9996
9412
236
9569
9973
1022
8956
5674
300
1707
2603
5444
415
3041
580
5326
1781
8556
7571
4245
3981
4006
4082
9142
89
3741
4556
3674
2540
8712
2583
9200
4106
5352
6792
5184
8829
7646
402
3467
6636
9732
3697
4277
3094
1085
5363
1588
7915
8582
4947
6196
4181
5018
5319
5342
1097
1997
574
1560
5299
6158
3232
4937
1198
1589
4822
6885
5293
9548
6424
3158
280
7966
7959
2365
9048
4424
4606
2883
9025
9387
5386
1738
704
593
5278
3884
8430
6589
2140
1319
4308
8907
886
1595
7231
7690
7726
4888
7352
4559
4338
4685
5750
7629
6085
9666
1884
7229
6656
2579
564
3381
7262
8254
781
6715
1168
4167
654
8368
7593
8725
8723
123
5562
1644
7546
3258
7830
4132
3036
2459
40
8681
6950
1204
737
6406
4475
5585
7342
9409
743
2903
5415
1125
2940
5029
1040
5980
315
5903
9191
9266
5715
3997
6930
2360
1925
6247
7622
3481
5606
1288
1110
1576
2806
5936
860
8874
6001
4528
1133
8990
471
7140
2535
144
9852
8443
801
3537
4046
4744
8823
4630
1792
2819
7654
2452
7495
148
4284
9220
1809
8020
4591
10000
4180
7825
3745
5614
2917
2728
1888
3773
6770
5031
5228
4540
6992
4501
3521
7001
995
1406
4083
2278
8295
3498
8232
6267
770
9724
7210
7679
8689
7406
3477
859
9791
349
8372
6784
7341
1052
2068
5359
8397
3444
1572
3189
9146
6773
8403
7261
3003
1700
5806
2364
1079
1575
4238
1646
3194
6094
3156
8227
9967
7859
8911
3105
3021
9551
8922
9925
8414
6433
5044
4092
9210
1149
7064
3370
1493
9997
4513
8765
1966
3660
6066
7073
4209
2017
5480
3851
959
1315
1336
3704
2762
614
3180
6686
1122
9350
8080
4261
7067
6887
6681
899
5030
5241
6265
8810
5971
6174
5100
4631
8602
3558
6013
8667
4842
5772
2063
2499
3243
252
2197
1227
5619
3277
7336
8913
8242
6884
7671
8935
7136
3756
6977
1980
584
8046
2718
2408
3793
8735
8622
4902
2681
1292
699
1499
2223
1193
1831
5900
2593
7878
2604
4567
697
7660
5519
5093
247
7613
6130
3550
1642
3136
1165
2936
6416
7256
6592
4781
6143
1832
8485
9951
2135
5324
727
9603
4789
4333
5620
1902
5573
4248
1699
5913
4241
6939
8899
5944
5214
4178
1145
3432
1851
3942
1470
1973
2647
3276
9245
1403
3829
5811
8777
9250
1731
3266
6670
1748
8416
3262
187
1679
8024
8821
3068
6202
1573
757
7867
7388
3815
20
1076
9393
9834
4838
9030
4995
8988
5132
5618
4957
7977
6168
4317
3909
7804
5377
7712
7954
1872
4910
3220
3561
8679
9421
3249
470
9076
5474
7910
339
4927
8082
223
1870
5923
2630
4446
9833
5526
8578
5933
1749
7965
7739
5769
1462
8373
2105
8363
8919
2584
9839
6631
5401
7576
7663
4738
9867
5369
5665
9763
4603
9121
355
5937
5704
3172
2483
3482
6668
2974
4564
993
5747
9123
2708
3198
5191
225
3269
8273
4675
7284
8110
7770
3584
771
4735
1931
2369
4306
4051
4898
3219
4780
385
8026
1332
7933
2610
5920
5055
9600
7518
7597
9408
1297
6691
7250
5117
5673
6295
5212
2568
4374
8601
9944
3507
1803
5726
5122
311
542
6298
1307
6065
427
461
4850
6559
618
571
1904
1181
8881
7438
9648
8037
7265
5396
9310
3406
4061
4065
826
9135
2286
5863
8435
5259
8670
8945
8475
5733
6799
8715
9558
3527
9891
7857
8383
4712
7035
7536
3157
4817
7374
1561
1241
1389
7798
3039
2244
2511
408
9735
4474
6397
3642
8959
4481
4301
7066
3917
4665
9920
9934
1037
5647
9308
8880
2389
4522
1807
9073
4801
2704
9849
7408
6115
9598
176
2867
7096
7131
6834
2265
5862
6751
3038
9058
1552
344
9831
2428
4900
3579
6651
9425
7633
7442
3104
5373
1183
7601
5348
5209
3838
1951
5657
8569
6208
5354
6264
5442
632
758
7382
4787
1094
5004
835
5070
4454
5749
623
7159
109
160
8623
5301
7896
2152
5859
5776
9946
9128
7177
8697
3319
1026
1113
7662
7863
2033
9575
837
4509
3959
6813
8088
3974
8549
2476
501
410
6074
9639
6942
3593
1312
4407
1015
726
7675
4122
1394
3323
5497
2289
1846
8740
5006
3334
2741
1732
9667
570
1392
9837
5449
9445
3233
1965
1773
633
258
7938
6034
9843
1672
189
3834
2565
2363
3048
1195
6280
422
9270
4281
1730
5034
5525
9439
8933
8557
4026
5627
2543
3108
7053
9654
897
554
5663
8056
4176
590
3395
4912
1592
6311
2658
3636
8915
2047
2515
8664
1046
6432
5232
6482
5136
8259
8140
4747
2893
9705
1334
1259
1013
2639
5911
7974
9472
3518
1920
3023
519
3970
106
533
7837
2699
7563
9428
7194
3228
3231
7763
7484
2973
1682
2869
594
7473
431
2111
4881
9327
4813
6171
3049
5244
2258
6242
2507
8917
8083
1687
5502
4901
7603
38
8515
8384
4237
3670
7008
7870
6806
8916
6913
6779
2137
6705
6398
8161
1611
4494
6648
2777
5906
8579
8878
495
3662
2978
4234
9016
1102
3186
7990
2527
1106
4158
1743
7117
6542
6293
1953
2931
5722
8381
3866
5378
4147
4821
5856
779
7888
3958
3369
6380
745
9101
3998
578
5159
445
1146
958
8422
3102
7960
3753
1163
4361
2874
2830
4982
7488
9091
4964
6926
5868
6510
916
9585
9533
4596
9313
323
9995
6459
3973
9808
3495
356
2491
8137
8277
4364
3722
9750
1969
2151
6590
621
2481
8605
3574
1384
9906
7151
6253
7894
4600
2136
2950
6367
8785
4825
9633
1695
5700
740
4686
8980
3953
2938
4693
6532
8796
5563
1367
359
9830
3433
1696
1826
3880
8883
8333
7041
1562
6220
9913
7841
9299
8509
1580
6732
6620
4305
7776
2319
6526
7976
5968
3571
2657
9541
1177
563
6788
1697
2133
1487
4380
8733
5607
3591
7407
3682
8317
1338
5653
7143
9601
7126
9978
4696
1138
2094
3008
3979
8021
6422
5086
4173
2048
7258
1905
7583
184
5770
507
5765
5291
135
7486
4408
5453
8369
672
2735
1454
4269
3034
3805
4581
1643
8604
1819
2648
3556
2935
608
9945
5115
2682
7787
710
7360
2341
690
7257
1736
7377
7145
6385
6921
9007
7233
643
7439
1875
6891
121
5
7785
6028
494
2008
8321
9083
8301
8748
6630
7285
8116
2241
2253
320
5896
3411
7051
2852
3103
7839
12
2892
6506
5391
1483
8487
6284
2449
6756
1623
2023
4870
3856
4628
3533
9293
8027
3030
6475
816
6609
5513
527
7951
8659
9419
3547
4660
1952
6586
6225
7380
1860
5690
2401
8663
521
3305
935
1641
8018
260
3478
5800
6305
6816
8875
8437
6219
2070
4589
7909
5500
592
980
7251
9642
2927
6093
9139
1563
6154
9047
5965
8797
7914
4059
1339
5693
7298
8550
2061
8595
4585
6240
7717
8653
3014
7255
4075
169
4837
4357
7144
613
7400
5514
6461
7451
5977
2413
3022
346
4324
1863
6255
8423
5565
9518
8974
8637
5577
9492
8822
4274
1375
4396
5706
4170
6152
421
2937
8683
6835
1362
8781
6604
8758
7532
7040
9701
9082
2114
6053
3126
8751
4576
6546
4831
7278
6708
4141
5438
2213
6394
4398
2845
6087
2379
2120
1373
3150
5026
8547
4710
4297
4869
1116
4568
5809
5507
991
2504
902
6614
5925
4659
3413
3551
8779
836
8544
5746
6351
7455
753
777
3166
9658
9780
6725
1142
7496
7843
9050
6119
2631
9380
8305
3244
8970
9726
5237
6473
482
8236
6722
7732
3115
6455
6837
829
6742
3234
6386
2484
9235
6070
1865
325
3912
9807
5349
4080
8006
3508
351
3807
1005
7481
6343
1628
6577
8603
1837
6572
4511
2228
1654
7895
6084
5600
88
5273
5685
1912
9035
717
3787
2475
4775
138
4525
6924
6905
3839
5990
3658
6042
3055
5050
8794
8226
2426
1164
6953
5779
1478
513
9930
7062
5561
1342
6658
9319
3328
3239
1614
529
8890
1370
6754
9856
6488
4455
8191
668
6923
2802
7253
685
1500
3272
8749
4335
4618
4560
6319
7385
5472
984
8640
3221
220
7624
7775
1877
3859
7010
9931
6880
212
8805
9623
49
95
820
5390
3945
6954
2309
7450
1430
3928
7464
3459
6009
5541
8256
988
912
6186
7771
5661
142
6376
8525
9718
8447
7596
3910
3245
2821
9557
7719
2106
3828
5009
1205
4302
6099
6665
2746
2999
8138
674
5233
8174
9138
3242
7014
7058
5308
4703
3061
3209
1926
1137
197
8807
9272
3693
9576
8587
2770
919
7853
5263
1089
6151
318
2274
7650
6216
8914
1472
2157
9020
5121
1260
1039
3387
3825
5247
8022
3850
9291
961
8382
2256
7544
5569
754
96
3918
9832
6051
4060
956
7937
9879
4597
2626
2300
3965
9126
3529
179
5867
389
4545
9584
6163
276
6036
8966
8564
5566
5475
684
4382
4832
7024
5999
3679
195
4940
6976
9454
1984
4129
8014
3688
2666
9377
3263
5668
7154
418
1913
2724
9112
8223
8200
7046
6167
5430
8770
5512
3675
435
3295
6571
6452
971
6056
8350
1476
238
4249
6344
2911
4678
1928
733
5187
8577
2633
7989
905
7240
9179
1761
6058
6831
5824
2009
9810
1935
6438
303
7168
3345
5274
8374
2766
4679
4976
4187
6031
7996
1528
2896
7516
9632
5572
5880
2665
2542
2902
3532
6591
7050
7993
1820
9938
1692
6945
3875
7834
7161
7409
653
1521
8522
59
9509
1471
3092
5687
3721
1531
9560
8196
3947
6904
7979
9651
3855
5799
9999
1388
5691
5701
2524
6699
7449
5443
8976
4925
7816
3632
7266
1636
5217
1675
7205
2670
2570
7322
1329
2640
3449
5611
7817
1795
6827
1833
8726
3654
2312
2307
2808
228
2053
4515
4946
569
5061
9974
3217
2187
1896
5947
7323
4518
137
7953
1374
6146
4406
5271
6817
7950
9164
298
3891
5680
4549
6448
1522
1805
8565
4978
2176
9194
8431
2000
2615
7110
8776
1096
8490
8010
7793
2019
1222
1182
2988
5242
1684
4854
8461
3321
8241
7519
4028
5697
4637
5169
5226
4510
8105
6044
8284
6122
2810
2201
2680
2843
9637
6814
2439
6782
8203
7037
8702
1084
4496
3914
6612
3841
2103
3926
7599
8183
7138
6456
6205
8790
8662
8224
9534
5826
4148
8396
1179
8594
2199
6
1330
3562
4072
9679
3342
5528
3236
1340
9274
9500
1549
3820
2158
7661
3076
5987
4259
7872
5220
4670
2685
4414
1666
9236
3445
2016
9092
6985
844
1495
5515
2798
4463
6037
1796
8453
929
1017
9937
8202
802
2154
8739
5268
5584
4588
4011
4971
2738
793
5501
6234
1821
1790
1772
5062
9941
1497
7113
9434
994
3351
6011
2124
8669
5290
4730
432
2131
7508
6254
4090
5494
7539
2600
2693
9521
4919
9351
5568
9532
1255
4023
7223
6791
34
2087
4214
9169
7404
642
7665
6221
4969
3780
1929
1019
703
5530
3294
4520
9568
9709
8132
6018
2851
1530
5969
8106
695
8297
628
3747
6613
9341
7209
7588
1520
2645
6073
6333
1525
5642
7437
4752
8166
659
6741
6006
2417
6807
6836
6706
4724
9955
9796
8177
5158
1930
1915
3091
2002
9775
1843
3951
8134
7264
2155
8433
6994
3545
1678
7020
397
2824
8319
4064
2283
9244
9513
6329
8965
2296
7552
2259
863
9538
1131
9699
41
5964
3683
4004
487
3655
447
1444
8269
4955
5956
1751
3405
3651
3463
5636
8624
1078
2325
4524
1428
4372
6287
185
5400
8139
4231
5279
1104
9870
8784
2171
915
5002
9495
3725
3622
7219
2478
3940
268
5536
5681
7490
1866
3138
1266
9461
188
4007
2051
3402
7071
8452
9032
4701
7553
8676
8060
3199
5206
9523
2102
2108
884
708
3759
8688
4848
7030
3955
8845
3963
6802
7562
2386
4041
6189
1936
5788
6403
7476
8737
773
6038
8840
6972
7581
6988
7402
8813
7086
1325
6593
7600
8621
5703
7762
5791
4541
7814
108
6429
4977
9163
9971
5124
6410
4607
9862
9261
9695
4547
1436
3241
4489
6867
5253
401
3944
4694
1386
7864
2246
7347
630
1835
4138
6324
2448
2571
4069
5518
8535
1712
3001
8084
2085
3771
9840
3474
8054
7609
2661
2178
1348
5723
1887
9869
173
6822
4529
2775
7963
9111
2146
7566
5368
6072
3783
1105
3145
2353
3686
1882
7026
3398
9353
2742
8651
7946
5458
9762
760
2632
4134
1018
2004
9761
4926
9622
9887
9519
7497
1829
3952
9649
7334
7745
9725
1456
4573
2865
4088
5292
5813
5463
8642
1827
1256
1683
2172
7375
5604
4012
1668
5981
2761
3943
3140
319
5739
1027
5888
2288
2357
7715
4485
2331
2537
8866
6300
9697
7505
9481
9450
9487
8788
8930
9675
6983
2660
607
3750
1714
4163
1093
4745
3423
7200
930
2734
146
7075
8129
1488
2915
3659
9183
5016
1729
3250
5534
5267
99
1276
1661
7002
6366
749
3207
1045
9662
8385
4444
183
5345
3317
4078
2739
882
6865
2908
4539
3676
7668
9577
9940
5126
8905
982
6911
8154
1911
2189
7487
2862
7012
483
3863
9394
1268
9865
7401
1506
6915
8553
1662
2597
8492
2104
2266
2143
1484
3375
3292
8762
5346
8081
667
8358
4212
4507
9294
8160
6337
5425
8352
4329
7865
4833
4350
6181
1907
6268
3650
673
2538
6539
3340
1372
9078
1788
2870
8978
8898
8258
5545
738
1118
476
4150
203
7000
2558
5930
4105
7155
2487
4024
5088
8356
8971
9314
7315
352
5114
2463
8696
3899
8208
3408
3187
3638
4266
8944
7197
3051
2145
5976
8387
7988
9343
8102
414
8318
5917
3367
3502
5532
5945
4482
5043
6222
968
8600
2773
1553
5753
204
7634
944
7445
3647
979
3714
5360
1624
4771
5792
3303
7023
577
6111
6521
2673
6110
6507
6467
707
9572
6489
50
9892
2576
3789
6652
91
5605
2390
161
16
5181
5633
3987
8617
4809
6855
8427
8873
7195
2359
8023
6177
9168
4814
1225
2118
1958
4737
9224
6738
1541
819
1853
3151
872
9031
7029
8451
7527
8474
3308
4684
6450
1211
9676
1602
581
4672
104
1314
1810
4393
4404
1577
3560
1709
5707
2697
7313
4422
4107
8835
681
9205
5926
5224
3908
4432
4144
2219
6417
2528
7329
1172
7373
9131
8708
9786
7667
5036
2690
2434
358
5417
3476
694
3193
3664
2544
4879
1658
7866
1616
1477
6734
3149
4052
5182
3702
8674
9526
1159
1366
7565
3214
8329
5855
3540
8972
945
1779
270
1245
3589
885
3290
6574
7225
8044
6383
2800
6996
8588
112
7645
9898
6840
4687
5973
219
6156
7685
5252
9875
6775
6860
9356
7054
141
2622
1880
6763
9594
4996
6004
2393
8365
1634
6466
8195
8865
9198
5932
2474
9420
8222
7222
7123
4855
5758
9390
9388
2096
7524
5884
1030
8742
5613
4583
9072
6793
2946
5887
5910
2833
901
4998
2547
9524
7521
9590
3132
5873
2226
4534
1501
6918
8876
6393
3033
8833
8989
2891
7206
1921
9756
2166
6676
7555
373
8189
2686
1402
7175
4354
7489
6944
2694
6400
8691
4582
7016
534
9171
1900
407
1226
5975
8847
6979
9286
3606
6588
5178
3067
6200
9493
3885
9217
566
9193
6100
9556
6102
6045
8986
4999
5762
1041
3790
2509
7750
8145
1140
7698
8434
3762
6581
8732
472
4400
876
8165
6925
620
5738
2882
3677
4683
7752
3299
3538
1555
7731
6637
9542
3672
412
892
7232
1286
6767
8268
4331
7504
9273
7821
7217
262
9932
3625
9427
1349
2621
8424
2695
3324
8995
2388
2539
8401
5389
4251
6495
2759
1087
1584
8611
6847
6081
535
3265
3792
6133
4457
3479
6959
8897
8926
4417
3707
7127
2881
3948
5745
2210
5861
6557
8757
3569
5155
6030
7394
9990
3341
1862
1667
6148
5506
1780
1379
1855
2264
7174
1250
2717
5781
4605
1597
2900
5160
2594
3525
9848
2618
2771
3046
9863
2018
800
5931
9181
6842
1108
7994
7922
7692
3648
3761
1135
9900
2493
7877
6869
716
4044
5079
9214
1290
5276
5845
6263
6480
5387
2691
1207
6027
5077
7218
4488
1982
1321
1999
4227
8503
9681
6757
2245
9277
1244
2013
1016
4426
4858
8489
8887
8391
8320
2644
6733
8281
4278
4062
8538
394
2181
6272
3695
1713
1318
6142
9646
1120
7365
3293
8274
821
2167
5135
9682
2619
8798
8405
8049
3729
7158
2308
7738
5179
3757
3312
7861
675
497
5938
3896
8353
7314
6655
8574
5202
9151
2177
7625
1345
6435
5298
2677
307
1532
1494
776
3876
6851
3553
4765
9850
8728
5635
8528
8586
4168
1066
5689
8248
4191
840
229
5408
7538
3410
1585
1316
1206
5664
162
1393
5358
8425
209
5203
249
7146
8841
4834
1459
2291
9295
8682
2169
2373
4156
6871
4807
2826
4008
2787
7207
9599
3117
9765
1134
2139
2163
6694
2812
9758
3178
4250
4100
5476
4493
8856
7355
2074
4929
9977
9366
8568
5295
4782
5771
2348
6055
1282
9137
2441
6995
8302
5383
4853
8143
5341
3626
1558
7681
3727
3215
4845
4285
2060
4205
7899
7651
6861
3920
7469
9785
8768
556
3384
9372
1960
851
6479
8421
4992
1987
9788
6321
2866
1681
5694
1029
1811
6362
9093
9307
2712
5403
9586
9742
3961
9330
4001
4376
811
4535
782
5147
8809
7425
1574
3135
9998
4221
3552
7564
557
3421
2062
9259
7833
4934
5190
5985
2194
9550
6276
5339
6973
3581
1701
6962
226
5250
7781
6800
388
5550
4920
8700
2345
688
9652
5225
9806
4070
8512
8693
4512
8
7778
9422
3624
3134
5684
1486
8701
8981
9897
9815
8444
4945
5599
7852
5429
1413
9034
4985
6688
7492
2323
6664
342
6508
1025
4197
2692
1161
5328
3027
6326
2557
3782
6468
1217
5270
5167
4557
7810
2519
5001
4972
3275
428
6653
888
1989
9988
7287
6350
4401
5678
8048
9964
925
8448
4091
7831
6069
4620
817
4760
9957
9602
5871
1326
6150
3846
9563
5081
1842
7276
5692
6778
8615
8484
8620
6809
7970
60
6354
6223
1606
4695
1450
2638
5455
5138
3609
7947
2922
2272
9838
880
3396
3462
9783
9469
8660
6721
1538
3986
5581
7509
8038
8280
6795
7630
7582
4626
1799
5112
4558
124
3578
9661
5710
736
9708
2857
192
1771
8237
8118
6846
1690
6566
8837
8684
3113
3246
6121
2021
3456
5953
5748
5951
9144
874
9119
785
6402
8497
4994
1281
4490
6017
411
2887
7162
4625
7547
7122
6022
8113
9105
8091
3637
4697
8800
3188
5819
9370
1735
5153
794
2119
136
2375
4543
9389
783
769
7550
5872
2091
5176
7011
1934
8969
2207
2749
3639
7747
9691
6442
4726
7919
9477
9935
7294
2653
3868
3352
6530
1270
918
6310
2768
2072
3911
8548
5840
4469
8438
932
2052
5131
2526
9100
4931
7453
3297
4085
1437
8711
4840
6339
2007
5103
2129
8982
1186
1201
1566
6783
7952
4139
1358
3687
4720
3711
2354
174
660
7558
7962
7289
2855
1283
2804
2553
1425
6899
4847
5010
3497
9777
3442
4300
3897
4098
4899
8589
67
9130
9166
3779
4368
2150
2926
6596
6730
7826
4866
81
200
7568
6307
5361
6515
2335
1475
9036
8721
214
8775
1940
7705
6545
6332
6982
5574
9579
2318
852
6227
3302
1914
693
7997
2121
335
2836
3489
8843
4820
3524
3543
926
2035
4384
624
9161
8449
5696
3373
9148
8464
5175
2297
8958
9177
1571
442
9683
9645
2701
3978
3443
9952
9306
7795
9347
964
2196
3618
6872
1783
329
9104
7330
2702
15
1467
1640
8412
7274
5027
5023
4706
6843
150
1435
7701
2556
9027
765
8496
5817
1954
9714
2601
4480
2555
5698
4887
8879
523
5556
3066
5718
3668
4967
9464
977
5123
4700
9003
6765
4627
6291
3163
7614
5857
4649
2562
3081
7908
7376
4542
5742
576
2282
210
1243
8115
6910
9074
5194
3602
5065
5285
9634
5229
1762
2533
5632
5302
5844
8918
1090
5874
4884
5362
1167
1539
473
4578
8968
5787
796
9857
4470
7242
8628
3416
6313
5656
1065
2451
5471
9826
9638
6183
4498
4740
5222
8212
3237
29
2027
7920
94
7359
6173
8517
5193
7412
6645
567
8839
9485
3916
6789
2764
931
9216
1423
9515
1101
2040
2095
787
9097
2271
573
3307
8950
6998
4764
9367
2525
3447
5486
5128
1007
2122
1756
4479
2765
9588
9252
8607
6908
2886
70
8817
3487
9459
822
45
6236
5881
4465
3120
3892
938
8927
2890
610
2232
5127
5763
2503
2252
8471
8417
3438
1371
3748
2184
3155
9884
4347
3526
6569
202
7856
2916
1377
297
7148
7452
2395
3077
1054
8750
5451
6203
490
73
3854
1605
579
3060
1479
8844
2498
3895
6549
6330
3251
5331
5699
6328
6047
5649
7880
3240
6595
5654
1058
4186
2084
7973
1950
5708
8828
4254
3254
114
7805
1047
3972
6500
5366
7354
9499
8073
8366
2884
8090
4575
322
3680
1446
4671
2338
1593
6536
4554
7396
6608
3719
7875
4652
7137
5353
1633
9968
7081
7482
6062
9961
9894
7032
622
3941
2581
3131
8815
3142
8155
9975
6883
5364
1049
2750
5305
3211
4519
2899
7998
5655
2367
8585
6501
2116
1774
9702
101
5909
4283
376
9256
8710
9424
145
3575
8070
3996
4657
6361
3921
6547
8504
6428
8964
5094
9276
2257
6296
4516
2403
2586
9329
2295
866
5139
1230
3582
1908
7128
2905
934
8583
6079
4452
3778
6080
6580
3127
5011
31
9444
4886
545
250
2994
6504
696
13
4799
6584
6519
4256
7733
1600
9582
7621
9715
9923
2924
7485
5092
9729
5107
5865
9321
1693
6008
9723
9823
3377
3271
1056
3823
2193
6125
509
6693
8743
6441
5820
6304
5014
5812
6364
6677
3052
8066
9304
1798
3712
6033
761
2578
8941
2752
1591
6379
8488
832
3393
2838
8181
6162
3043
824
4018
559
4375
6876
1536
9382
3515
8952
7981
3522
715
5045
7349
9011
6371
5111
9392
4332
1727
4056
7751
274
3364
9300
3437
3110
6819
6605
4895
5712
8795
6717
8931
612
9405
5939
6881
6419
4892
8092
8511
4553
4045
7063
4074
2337
3861
2467
232
2595
4938
3223
8217
6483
8596
8851
9283
1899
6288
5732
1785
367
6969
2854
8848
6349
5958
5640
3506
3470
2249
3766
9795
6878
6192
2005
9240
5766
2447
552
436
3898
5146
7631
3139
5087
2128
65
9288
6917
1139
2328
2277
7478
2942
4223
3454
526
46
2322
4987
1941
1817
9215
9019
8692
8211
5821
5116
9803
3794
3641
9821
1977
8625
4770
3568
6184
855
7605
8194
6794
2351
2153
4746
8219
1126
3705
450
3167
7327
6623
4213
6212
3640
3358
5798
3706
1653
1746
1849
6180
8786
3440
6274
8613
9480
1197
9529
9051
8001
7921
172
5905
9536
553
3007
1625
8869
3696
6409
5901
1759
1545
2918
5941
6632
2243
3913
9473
7115
2500
2720
4808
9243
3991
3957
1443
2676
8327
1311
3613
1789
1720
4561
6601
2032
9798
1534
1034
6660
6727
6002
1745
7978
3653
6877
722
3284
7802
4349
8045
8752
5446
3320
5797
9914
6903
7695
8799
5499
4984
6900
4226
8034
4450
7079
6294
1006
6829
8923
5208
2755
4844
1296
5714
8388
6740
9527
1671
316
7627
8846
8722
8250
2561
5437
2868
8050
1527
6812
3032
3802
7389
9053
2421
4136
2132
7047
2383
2784
4979
8533
2161
2216
2067
5924
7616
1035
7241
6540
1993
9664
8168
3316
9991
2014
3927
5433
7991
4824
8746
5667
2394
9287
9478
8197
5832
5638
467
8747
1630
9522
6315
3768
4275
87
61
1507
5069
6292
8087
3879
3374
290
3380
1156
2844
8367
8481
7372
2522
147
3843
7275
2552
7491
4935
1753
8104
7530
7366
6892
2290
775
8499
7765
8532
340
2895
4130
3192
4908
8516
5768
3791
8121
8597
1797
686
6644
4877
2477
5172
1132
636
5553
951
6089
7779
6621
4235
1059
9855
8962
424
4304
4260
4439
2861
792
9199
639
8860
8699
1767
4290
4570
894
2678
4466
587
2081
1303
9612
9145
1002
4172
6086
6279
4219
5144
600
644
2329
4034
9609
5195
9565
839
3090
728
4484
2656
8859
4391
7332
8313
309
6077
7226
2310
1590
5615
332
5282
4954
5080
4385
8120
751
9355
8188
2952
3057
6801
4216
1439
3161
4758
9539
9614
8771
9263
8519
1594
7545
5297
7845
5398
8937
6420
8820
2541
129
3281
287
3634
7716
3362
7306
7742
6218
606
1765
6275
4311
9772
7283
1012
8151
8987
7114
5344
2781
8864
2268
7022
6243
3260
2400
3464
2989
5702
392
5461
3770
2269
4467
2044
4989
933
1778
8413
103
8593
1044
241
1847
2457
7883
9059
8172
8479
1062
3024
3821
9226
8634
9696
7019
850
6211
6999
4499
152
7318
1185
8289
544
2635
5188
4367
911
5804
3572
806
58
6082
2028
9496
661
5032
6841
5983
7471
1537
9134
8508
2930
2382
7036
379
6955
3450
5467
5421
4691
8124
444
9028
4743
4562
429
6258
4468
5948
3205
6164
9924
8247
190
8415
9983
6804
847
4047
7074
9738
4057
1077
8058
3096
8062
5775
7849
2923
2303
8649
1569
5960
9099
4699
6683
8507
9364
2818
9910
7884
8523
5099
83
1202
3074
6415
7772
978
4486
5639
1075
381
7892
8127
5505
9227
8371
3353
6662
3256
9110
1293
6746
1050
7678
8616
1092
8759
9233
1704
1129
2709
1609
8398
1645
906
2719
5357
6423
5989
5440
9395
8239
1148
3669
8099
6739
4112
4950
3383
6014
9379
5340
1355
23
6874
7777
9956
8126
9707
974
8468
420
2774
9605
7749
2435
1830
1990
9055
4307
7427
3333
6690
1757
360
5645
8376
6790
33
7391
3874
4337
7321
5207
2955
1617
7964
585
3252
2860
1947
3949
1514
650
9442
8566
4435
9844
4166
8031
9773
6134
8389
7004
8315
4096
548
8842
43
7084
5677
3621
9733
4323
8470
7157
746
454
9208
6520
5246
8824
6854
3420
3870
6199
5019
8806
484
7640
1848
2662
755
1299
3129
3754
1489
2038
9174
3811
9746
908
5330
6777
2707
2029
7307
8019
9615
4753
499
296
2461
3095
9778
7767
8531
4164
8536
8598
4608
9140
7873
9203
8380
4933
7812
4963
5315
7949
1031
6641
5200
6602
723
2611
4936
4615
110
4125
700
9970
827
7299
6633
8563
9023
4634
2856
4792
1300
4517
8225
2299
1836
3864
7092
5347
1069
981
5998
7295
5303
4655
6894
9824
9690
5286
4914
2949
4645
8017
6105
4327
4419
6803
3190
2231
8680
8362
7595
4709
7288
2107
9173
6857
9684
3013
2788
256
2248
6021
1304
4336
4157
4487
9147
9333
4827
6702
3179
2517
7514
3832
7227
3619
9613
6597
7549
3238
1322
2011
2374
4131
3175
7543
4656
9241
3534
8458
1498
6853
1021
6600
2589
6863
1747
310
1412
4348
9423
7421
5418
7879
2727
8530
1187
7398
7807
4800
966
1922
5227
4767
4378
9986
7305
890
2997
2748
8465
3932
2431
7672
9441
6312
9619
7602
4319
7788
2951
4342
8954
8334
744
1750
9530
2877
1632
4609
1357
1465
5152
6960
8832
2985
5306
8631
409
8013
9305
7940
1086
14
5033
7714
5265
2236
3649
6327
1199
1257
5323
4428
3111
677
5245
8812
1274
7682
8442
1333
8857
1802
378
3385
2914
6769
3064
5149
9671
3417
480
3480
1723
8032
4243
7152
4460
3183
9447
1294
2321
6774
7422
4666
4413
4722
9543
9004
362
8554
222
4445
7512
3580
8934
997
1404
207
7434
2834
8524
5269
4271
2529
5163
2797
7928
4635
7578
2376
8095
5578
8910
1660
1542
2205
7655
277
4830
1426
5397
3977
6844
7212
2279
5672
314
2669
7045
4723
2786
7269
985
5219
2405
7623
125
4252
8727
2059
9689
8229
3976
7643
8098
7132
8111
1608
6175
8238
5878
4750
4676
1024
6138
6057
8498
4980
2795
878
6852
6342
8767
6301
3357
3291
7836
2380
9086
9309
7190
2983
1557
1224
4610
9187
1535
3716
4068
5409
1898
9149
292
7320
5847
1859
8265
5198
547
7912
9573
4412
6856
7548
4714
8955
1218
1850
1248
6040
7463
946
6672
6217
7430
8128
7936
7462
9631
7228
468
8877
6166
4916
7729
2901
8893
7483
8561
641
3202
2206
9595
5756
4939
5784
6624
8626
1291
8673
1264
663
6188
2020
8744
2472
9430
4049
6933
9331
1166
2233
2531
9801
9771
4811
2814
1892
7468
7419
7446
423
8096
2523
3176
2227
5858
8276
873
5143
5452
5848
1408
6538
5591
251
7413
1174
4462
7656
6465
6583
3118
5235
5022
8152
2849
9552
7930
9636
3559
3601
5549
4707
5596
9516
1200
9660
8591
3424
6437
6701
9827
326
2885
7537
7838
1548
1890
2235
6579
629
9457
3486
7443
3313
5679
9908
2945
7945
4473
5459
6061
7507
3772
5919
294
259
2729
4797
505
2372
4247
7554
9002
8147
78
5039
217
4421
9113
1791
9269
1504
6309
5166
3230
4267
3455
8816
7531
2317
9486
1782
5288
601
9456
2599
2620
6375
9014
3213
5950
4773
8192
983
1676
883
891
7033
9184
488
9555
8245
658
1003
2180
2220
3015
9373
9704
7925
2754
9546
6484
3248
9207
446
1083
7428
1458
3718
7730
6669
5893
689
949
5095
8703
7199
5959
5078
7670
8036
2933
4574
3499
6165
1879
6533
1754
3315
9628
1474
9737
1841
9446
365
7557
8940
5892
6870
3267
3795
1985
7403
6626
2835
8262
9710
7208
6098
8707
857
8003
8863
8286
2612
8924
7116
1376
6845
3599
8720
9282
9116
6647
9278
3960
5333
5744
3800
4097
5254
3816
304
5555
8609
2097
9218
9064
9339
1897
2823
3900
4192
6136
5257
7013
5482
7570
2643
7297
8542
2200
7272
4038
9604
7931
4986
4073
9234
8463
1272
662
6684
5470
9819
5171
7160
2980
5825
7038
7842
7823
7652
8734
2346
808
9629
9491
127
6551
4531
9741
7709
6408
3109
1543
5552
3595
2125
5966
3473
5946
6909
6449
6427
4587
619
2758
7511
603
6470
2605
6499
869
6946
6373
7444
1724
2996
7572
6731
8198
1663
9402
6273
7918
975
7216
7808
9435
6692
8678
9885
3128
731
6048
8527
5130
6516
5807
6956
2112
4093
8260
4956
2726
9497
4774
3400
6407
750
281
5161
5622
6457
2456
8886
9802
3182
9674
6821
295
720
3612
7178
1638
1612
8005
9070
586
175
9378
3436
2651
2141
546
6259
7898
8984
1399
8261
6128
9396
8097
9172
990
1214
3950
8133
7684
1064
4755
5407
1955
3431
9232
6907
4160
5439
4177
8872
8263
336
5048
4819
2006
4440
597
8059
9383
6204
9429
2841
5885
2650
5786
9537
9437
93
2045
4344
1
3872
6054
1988
2377
1996
6657
4692
5967
8173
2054
2057
9909
7610
2418
6131
5676
3501
8506
8294
2751
701
221
7234
293
2479
9254
4151
7958
5571
6502
1461
8493
691
3678
9156
6603
5935
182
4409
3666
5993
6078
4530
8370
9024
2934
4932
6209
2022
952
7860
4810
8685
8717
7331
2276
3378
2370
4399
898
4108
5728
2298
5318
199
1647
524
2010
2888
6990
1109
6249
3818
7720
2722
3684
2066
864
7201
972
1023
3801
6306
3075
6639
1447
9904
4116
525
4373
8420
6064
3954
2730
3191
6687
2001
1251
834
6893
7383
7142
3826
1733
1998
8633
8868
6758
2429
3946
5735
4202
8953
3425
9239
8275
1239
3630
5822
4612
7027
8179
3643
2260
9162
7221
5102
895
5185
2700
5170
3441
9902
9860
6744
8686
4081
5199
3062
4768
6368
4113
9657
1151
8891
4117
1368
2352
8163
1434
5294
7618
6497
7150
398
9960
449
4961
8541
370
8999
9150
462
923
3509
4017
3915
2763
9334
941
7727
4569
1517
2336
4326
5789
2716
3842
9512
10
1813
8338
2817
2162
4203
1599
780
838
2188
9498
3099
9255
7431
2715
317
2208
2385
3125
4495
1279
3554
4942
1823
6358
8345
2956
3130
3083
5385
1816
7886
3414
9404
7085
2224
7460
425
2876
9825
4119
9989
4636
2427
8936
1794
9292
764
7094
1715
5338
8903
3368
4437
2113
1974
2333
6281
2783
8991
8652
1285
5405
4749
2683
5996
6003
1613
1490
8537
4803
2247
6005
3152
9095
6286
4228
8300
5017
6026
8834
9054
3225
953
4943
149
8946
2805
4029
8288
6124
7567
7458
97
9618
7809
7279
9545
6194
1812
9043
9467
1775
6964
1042
7573
2756
5803
6978
7169
56
6277
380
842
8446
8576
7381
7268
9953
9249
4196
2225
6453
4441
6278
3984
6661
732
5376
5628
957
6934
5393
9297
3226
8244
8400
9752
5485
7642
9279
8811
1650
8292
6970
4042
82
4021
1610
1448
5374
8558
853
729
3635
8131
5042
692
8378
2142
9354
5557
7005
1398
8951
9133
1119
1485
1028
7243
4689
4040
1895
6974
2672
8171
8441
5047
2378
279
6787
1649
2944
5595
3123
9006
7090
4316
4960
4711
4340
8395
7180
8204
5066
9950
4949
8646
3835
8769
9866
730
4796
4915
4386
2454
8590
9296
1659
466
6825
4856
338
5434
2943
791
1190
6246
3865
2492
2347
17
8514
1302
8164
4885
9311
8619
489
1242
3259
4663
9265
9049
3020
4360
4229
1152
2355
830
9774
2117
4013
9535
6771
8567
6987
7135
8077
266
6776
4159
3371
8243
9315
434
2368
2407
2904
8075
9284
7782
774
9465
8142
5381
7686
9476
312
4268
7300
3796
4312
6811
1121
7612
2134
5307
3570
9942
1033
48
191
9853
5488
3097
4704
1503
244
6961
6714
9231
3531
1352
7673
3004
1335
3488
3971
4793
3930
7098
2496
6076
6967
1309
3934
9721
8690
7120
7703
4546
4862
960
9398
275
9080
403
3500
1427
6906
2267
2825
4263
8665
2534
4651
4826
8079
7310
5740
4658
7379
7881
9117
9688
9340
3663
767
4897
7999
6443
6207
8304
7534
2545
2803
9436
3337
8108
1728
5168
208
8854
4339
5551
3691
8534
5367
9012
9109
9847
7522
2785
9926
5796
1871
2041
1409
6524
9251
5582
8303
6472
7319
4763
1191
8325
2831
8205
8264
8909
1622
9757
4127
8456
3603
2080
5834
7356
9039
7432
3485
795
261
8908
3253
2464
9767
517
8190
922
9881
440
1416
1737
5852
3461
5089
6140
1583
865
1845
5479
2327
7983
9716
9342
4050
8906
3883
1067
6772
7044
5243
8410
616
4058
92
6269
4705
4733
1258
7794
2086
3812
3257
9790
396
5406
5870
4812
2460
4387
7311
4118
9075
8819
3931
2138
1091
8476
8753
6948
8375
913
5370
5105
7055
6957
6937
4958
233
3304
1317
1453
5597
9253
2234
7982
5670
3939
1533
265
3216
2646
6471
8340
5531
5313
2737
1048
2416
7708
2192
7754
8904
8477
8645
2779
520
8850
551
5419
3810
8341
7506
1917
8314
8993
1099
9238
4066
4790
9484
1793
7891
7153
921
57
4276
1295
8282
867
426
2384
282
5808
7664
8100
6698
5312
2550
5767
7130
6352
1424
5839
1711
2572
8963
7680
5711
289
7835
8687
2306
5148
3765
4257
6120
4431
7971
3614
6370
1587
9489
2521
8894
7477
3673
1677
5320
6570
9713
3344
479
5496
3504
7628
7465
7118
1886
1763
5310
441
1708
3098
8361
1906
870
9081
2822
5316
1280
9567
7239
2284
178
3273
9384
4928
5625
679
7048
3247
9483
2110
4776
7426
8761
9301
3496
4027
1581
4343
5994
3999
8560
321
6543
1740
5537
9693
9157
7348
2186
9678
74
5411
5240
7855
4729
5793
8107
2093
6766
8055
9460
4442
8101
6839
6558
4430
8440
9013
8346
7967
2340
8643
8156
1000
6505
211
1178
9822
669
5725
516
5940
1457
4748
2839
5593
3106
3720
3563
5431
1834
7577
9854
1112
768
9298
5258
698
9213
8695
2077
491
2026
5683
2608
383
6786
3752
8724
1787
457
2617
387
9901
1881
602
3288
3539
617
709
8825
5608
8114
4303
3403
6195
8255
361
390
2530
77
7189
3785
540
8838
4644
7034
4736
130
8912
5669
8406
762
6975
5785
2982
4502
9948
4182
452
3902
7392
2126
5218
2767
2668
8704
5091
6564
558
8426
739
4448
5284
2725
9928
7302
1956
1631
3280
1359
1176
286
3460
9626
4313
4240
4533
1192
3758
1381
5853
4379
833
9349
8521
3822
4295
8270
2043
3894
9917
6187
1219
8985
6317
5448
9337
7579
5617
5109
713
5125
6718
5529
5521
5902
170
9743
5156
9880
5609
6726
3840
7986
3549
5261
7203
9740
5810
1228
4611
6752
656
7526
7500
55
3181
9564
3689
9107
6659
4416
3326
1130
1289
4890
1215
4198
5395
4272
2410
4962
4893
3535
5104
1080
3994
4433
8299
3597
5337
7093
5752
9229
5399
7956
5511
7542
9312
2039
5542
2240
1382
9630
9108
240
6446
2486
9057
7626
7882
7179
6864
9669
9685
2425
9816
8278
5211
8635
7696
4264
6509
7648
5108
9127
4220
2995
510
4351
2714
72
6518
4193
1867
7674
4022
1278
7260
5650
3133
8347
6235
272
7501
5586
9303
6895
6560
6514
9433
6682
996
3833
7906
4461
2853
6966
8052
2991
9385
4621
7211
812
8074
8655
75
3314
3819
5659
5972
2964
8513
6747
1916
4913
5067
4143
7948
3692
6512
4236
4861
4953
9426
6650
3195
5491
9711
4599
1249
3355
3617
4590
8450
7756
6833
8213
970
6537
3924
6522
5007
6395
5559
6401
1567
3270
1840
6760
3089
7296
4086
8030
6248
9836
3923
6244
2198
5317
7502
9829
9730
8501
5624
4477
8559
6262
2654
2961
8285
8718
5154
8459
9687
1391
7121
2880
153
1194
181
7171
377
7479
2939
7493
1975
8310
1971
3685
1755
8545
1629
572
5335
7773
4161
1582
3427
7196
6492
2780
143
4420
5487
7435
2859
4565
6889
9190
7735
845
2101
9963
937
353
7783
5447
8009
134
825
227
7494
9878
5450
171
9760
6486
4527
6261
5355
756
5829
3082
3426
2679
248
3390
683
2148
9554
4218
4614
5221
4031
8505
9899
5382
404
3587
5058
5616
269
5504
2173
3777
1964
9782
8884
2684
2743
8782
4397
917
9864
4754
6625
7390
4584
9090
7176
6238
4769
7293
6582
2100
4402
140
4246
9344
8983
3849
3528
5709
537
5151
4423
1252
6768
2330
725
6318
9141
1938
3112
7172
6927
5336
5580
3804
7811
2941
1972
8041
4358
5129
3513
2642
154
4772
116
6749
196
9061
5651
7249
2510
1626
705
9280
5384
4341
8483
9841
6357
1777
6426
4682
1111
3170
7533
7340
9812
1523
2580
5851
5754
1213
5351
6832
4478
5456
9659
4120
2092
4828
6748
8529
4126
1387
8234
8215
9482
9088
4604
2972
9186
6023
8157
676
4355
8870
6618
8826
5558
7995
555
1725
4536
9547
3350
6901
8614
7182
177
3069
4438
465
4613
1036
1804
4211
522
1689
6711
8418
5510
2747
2953
6365
6112
5727
2971
1741
4991
8210
8947
8207
4287
8996
4642
3386
4664
8713
6381
9640
2437
9787
419
4731
5734
1992
4593
8117
1670
6252
382
6245
3085
3890
7691
9993
3009
328
213
263
4200
2554
9811
9980
5757
2757
9182
5490
3888
6320
7371
5454
1337
1894
4483
3646
1313
3121
9820
3615
4930
5410
3346
8495
2587
2088
1469
5720
4020
7944
2674
9719
4353
1744
6736
1169
1800
4491
5795
7423
3586
8169
6414
3072
1598
2913
5468
8855
9271
231
3633
8296
797
224
568
2502
871
1604
6951
4721
2689
4195
7395
5074
5120
206
4732
4633
1565
5974
4155
9502
887
9890
242
7193
164
8729
7056
2990
7021
7702
2470
6576
1889
3466
2332
7517
3282
2984
3623
9918
9859
2957
7707
4279
2237
1004
8178
9415
6232
3989
2793
3583
1942
3065
7871
113
3026
4325
6331
8283
7368
3803
8773
4647
5594
1858
3354
788
1939
5133
7324
2433
28
8754
8818
1718
9511
2003
7523
1344
6928
9197
627
5997
7713
2569
2229
3775
877
8119
2473
7457
1418
8731
6464
7746
7984
5201
5015
3336
6724
6374
5782
5428
3992
6170
5836
9115
5842
364
7247
2315
772
8889
8630
1986
6237
7769
115
5631
7185
9745
7862
8460
5992
6949
6478
814
7301
7238
6145
4310
7263
3788
6411
2489
2506
7683
2442
7955
5523
7927
1910
595
6710
9362
6392
71
3283
4395
330
2490
6210
9029
9077
3404
7975
1734
2090
4377
4669
464
9731
9223
2462
9655
7441
7740
8755
5914
4757
3255
6759
9597
156
1449
7111
5414
6396
8293
4273
5547
3988
4456
1346
1231
9037
2361
5084
6531
9817
6873
4371
5283
9979
4639
2921
3382
5046
7378
4425
2962
5465
1893
405
2954
2598
3784
3600
8780
2025
2391
439
9905
9769
7885
3830
1529
2796
2713
8339
1441
5068
9170
7107
1261
9326
5621
9720
7848
7529
8419
1429
4783
4552
3967
2753
1480
1932
4909
8943
6487
7766
6155
2480
5587
6555
51
6798
9751
7784
4624
4389
6940
5141
7503
9453
486
9406
2294
8657
2015
6290
9165
1515
7858
3300
1354
8901
3922
7052
4142
3993
680
8766
741
599
1442
3429
5955
986
8760
133
1189
2505
5576
4135
2432
1554
8571
3392
6610
6810
9085
8218
5177
4318
8745
7448
1143
3289
7384
7535
7133
9369
7721
5540
283
3286
6067
7173
9332
9211
4876
5894
8675
3904
4262
7832
3827
7353
1171
9359
1873
3434
1635
2634
6391
1822
2948
151
9158
1551
2082
165
1107
9375
3665
6474
3919
9317
8445
3806
5928
166
9247
531
2811
4071
9653
1505
2398
6071
2815
9189
9052
6859
3006
7803
7254
2705
6643
9067
5281
1010
5248
3107
6649
7902
6663
5498
4154
5774
2030
6529
5083
904
1983
8599
2559
4392
6160
4761
9784
5544
6193
8386
7357
6619
784
1752
2907
4868
1702
2215
3519
8291
8831
453
8379
2959
4208
5162
3428
9066
9376
9275
6283
4968
1508
3767
4661
7317
5380
8852
7799
7108
5915
492
9764
5205
7456
1298
9916
4010
3204
334
8719
6444
8359
9001
9087
5773
2202
4346
9781
999
924
2627
8221
3749
8871
3146
8349
3071
7076
648
6075
460
5466
5343
6764
2311
562
8998
8774
9397
6303
1216
1703
9818
1350
804
664
333
8900
8867
2609
1719
8266
9620
5314
5489
9432
3114
4030
6554
7461
9641
4632
7844
7204
1808
9443
7759
354
218
4459
2494
9915
1246
4894
1220
665
9065
4063
3813
5721
1419
2123
6737
2548
9976
6341
4504
5164
8404
7291
506
2864
4728
6888
7850
3394
5629
25
5422
7800
8094
3391
1627
8929
4500
2263
2981
508
7072
9242
9268
205
3348
5864
8793
4623
5021
7619
8130
4921
5755
9886
9893
8272
6032
9700
3631
9328
6462
1098
3050
2316
6132
5943
8000
4880
8457
5730
5304
2238
5423
6728
6039
1918
2314
2501
6678
3564
7068
6929
5051
2813
3739
5024
8175
9136
2799
9871
3567
7753
1060
4079
9872
8975
3063
9466
8344
9060
4207
7103
2209
2281
8641
8182
910
3925
6575
950
2624
477
7259
8439
3483
1324
6239
6498
4415
6316
4133
1824
2652
8741
5416
1383
2049
5118
8360
5778
2423
4270
3171
9204
1396
1237
2436
3366
7230
2466
7551
6971
9799
3070
8612
6090
1432
706
5648
5957
7647
6720
6035
734
1513
7901
3735
1883
9656
7405
9592
7789
6095
6565
6685
9009
9789
4140
253
9842
7339
5060
7961
2301
3329
1223
1287
9665
4905
3389
278
9703
2024
8472
9154
9471
4381
6015
6388
9302
416
3274
4394
3465
1422
7669
6709
3422
1141
1516
8271
5570
8858
3763
896
6594
6615
9766
5761
4411
363
2807
4165
3935
2536
4865
8312
1739
9804
861
3616
4952
2760
4532
3201
1433
8478
5197
7252
8336
3446
6931
6671
1698
6445
2083
3035
1648
7774
5583
8061
2649
8016
6838
66
8648
9285
1053
9896
4055
6172
1421
8606
4857
9044
2740
2588
1948
9895
9470
6585
8672
4849
7723
9753
6563
5612
3968
3817
1995
8072
4708
6355
3218
69
1818
6052
8467
7592
5075
4194
1742
6282
7758
4923
7659
3728
8992
1769
4094
7202
4751
350
7343
4296
1153
565
1071
7513
5441
6425
9514
2842
2520
7822
7635
9504
5942
4829
6176
8144
3122
3287
7657
6826
927
3608
1074
3546
7796
4174
2898
9400
528
9041
9517
6886
9407
2801
5879
5213
3153
3871
8122
4000
6340
6440
3430
6405
9503
2285
9192
8231
7104
8180
406
605
7017
7874
2731
9596
598
6454
1876
8399
1979
6108
3019
4563
3699
5741
8671
560
8570
2471
6713
7337
6126
1271
3379
8267
1579
6989
5979
9759
4983
6019
6818
3620
7792
7676
9042
2696
2183
6257
6912
3877
7102
752
7586
9038
4778
1180
8039
5984
9040
7061
9068
8326
9399
239
5897
2195
3760
5413
4345
9508
7929
4352
2723
2736
4328
8895
9748
591
6635
5332
5204
881
7077
5866